{
    "AK": 0.206794871794872,
    "AL": -0.159615384615385,
    "AR": -0.0658974358974359,
    "AS": 0.214358974358974,
    "AZ": 0.062948717948718,
    "CA": -0.770384615384615,
    "CO": 0.0853846153846154,
    "CT": 0.114102564102564,
    "DC": 0.198205128205128,
    "DE": 0.191538461538462,
    "FL": -0.104358974358974,
    "GA": -0.285641025641026,
    "GU": 0.214102564102564,
    "HI": 0.183205128205128,
    "IA": -0.191410256410256,
    "ID": 0.152307692307692,
    "IL": -0.454102564102564,
    "IN": -0.0705128205128205,
    "KS": -0.161153846153846,
    "KY": -0.0397435897435897,
    "LA": -0.0333333333333333,
    "MA": 0.0955128205128205,
    "MD": -0.0693589743589744,
    "ME": 0.146923076923077,
    "MI": -0.143846153846154,
    "MN": -0.203589743589744,
    "MO": -0.113205128205128,
    "MP": 0.216666666666667,
    "MS": -0.119615384615385,
    "MT": 0.153205128205128,
    "NC": -0.0183333333333333,
    "ND": 0.174871794871795,
    "NE": 0.0458974358974359,
    "NH": 0.166794871794872,
    "NJ": -0.122948717948718,
    "NM": 0.133333333333333,
    "NV": 0.124487179487179,
    "NY": -0.258076923076923,
    "OH": -0.413589743589744,
    "OK": -0.0714102564102564,
    "OR": 0.00461538461538462,
    "PA": -0.296923076923077,
    "PR": 0.229615384615385,
    "RI": 0.187307692307692,
    "SC": 0.000128205128205128,
    "SD": 0.165128205128205,
    "TN": -0.386666666666667,
    "TX": -0.57051282051282,
    "UT": 0.158076923076923,
    "VA": -0.238589743589744,
    "VI": 0.215512820512821,
    "VT": 0.131794871794872,
    "WA": -0.0321794871794872,
    "WI": -0.100769230769231,
    "WV": -0.000128205128205128,
    "WY": 0.191410256410256
}